{
 "cells": [
  {
   "cell_type": "code",
   "execution_count": 78,
   "id": "72cd640b-8ece-47db-b7cc-1f0abaa4c69d",
   "metadata": {},
   "outputs": [],
   "source": [
    "import re\n",
    "from sklearn.model_selection import train_test_split\n",
    "from sklearn.preprocessing import LabelEncoder\n",
    "from sklearn.preprocessing import MinMaxScaler\n",
    "from sklearn.preprocessing import StandardScaler\n",
    "from sklearn.preprocessing import MaxAbsScaler\n",
    "from sklearn.preprocessing import RobustScaler\n",
    "from sklearn.tree import DecisionTreeClassifier\n",
    "from sklearn.ensemble import RandomForestClassifier\n",
    "from sklearn.linear_model import LogisticRegression\n",
    "from sklearn.linear_model import LinearRegression\n",
    "from sklearn.metrics import accuracy_score\n",
    "from sklearn.metrics import f1_score\n",
    "from sklearn.metrics import roc_auc_score\n",
    "from sklearn.metrics import mean_squared_error, r2_score\n",
    "from sklearn.preprocessing import PolynomialFeatures\n",
    "from sklearn.preprocessing import Binarizer\n",
    "from sklearn.metrics import accuracy_score, precision_score , recall_score , confusion_matrix\n",
    "from sklearn.model_selection import GridSearchCV\n",
    "import seaborn as sns\n",
    "import pandas as pd\n",
    "import numpy as np\n",
    "import matplotlib.pyplot as plt\n",
    "import seaborn as sns\n",
    "import warnings\n",
    "warnings.filterwarnings('ignore')"
   ]
  },
  {
   "cell_type": "markdown",
   "id": "306d08e8-a296-41c4-ba7a-a9e467dca848",
   "metadata": {},
   "source": [
    "[과제] 아래 Boston 데이터 셋으로 보스턴 주택 가격 예측 모델을 만들고 평가하세요.\n",
    "\n",
    "- TOWN : 지역 이름\n",
    "- LON, LAT : 위도, 경도 정보\n",
    "- CMEDV : 해당 지역의 집값(중간값)\n",
    "- CRIM : 근방 범죄율\n",
    "- ZN : 주택지 비율\n",
    "- INDUS : 상업적 비즈니스에 활용되지 않는 농지 면적\n",
    "- CHAS : 경계선에 강에 있는지 여부\n",
    "- NOX : 산화 질소 농도\n",
    "- RM : 자택당 평균 방 갯수\n",
    "- AGE : 1940 년 이전에 건설된 비율\n",
    "- DIS : 5 개의 보스턴 고용 센터와의 거리에 다른 가중치 부여\n",
    "- RAD : radial 고속도로와의 접근성 지수\n",
    "- TAX : 10000달러당 재산세\n",
    "- PTRATIO : 지역별 학생- 교사 비율\n",
    "- B : 지역의 흑인 지수 (1000(B -  0.63)^2), B는 흑인의 비율.\n",
    "- LSTAT : 빈곤층의 비율"
   ]
  },
  {
   "cell_type": "code",
   "execution_count": 79,
   "id": "3833edfd-925d-4637-b4d8-b522d0ab2026",
   "metadata": {},
   "outputs": [
    {
     "data": {
      "text/html": [
       "<div>\n",
       "<style scoped>\n",
       "    .dataframe tbody tr th:only-of-type {\n",
       "        vertical-align: middle;\n",
       "    }\n",
       "\n",
       "    .dataframe tbody tr th {\n",
       "        vertical-align: top;\n",
       "    }\n",
       "\n",
       "    .dataframe thead th {\n",
       "        text-align: right;\n",
       "    }\n",
       "</style>\n",
       "<table border=\"1\" class=\"dataframe\">\n",
       "  <thead>\n",
       "    <tr style=\"text-align: right;\">\n",
       "      <th></th>\n",
       "      <th>CRIM</th>\n",
       "      <th>ZN</th>\n",
       "      <th>INDUS</th>\n",
       "      <th>CHAS</th>\n",
       "      <th>NOX</th>\n",
       "      <th>RM</th>\n",
       "      <th>AGE</th>\n",
       "      <th>DIS</th>\n",
       "      <th>RAD</th>\n",
       "      <th>TAX</th>\n",
       "      <th>PTRATIO</th>\n",
       "      <th>B</th>\n",
       "      <th>LSTAT</th>\n",
       "      <th>PRICE</th>\n",
       "    </tr>\n",
       "  </thead>\n",
       "  <tbody>\n",
       "    <tr>\n",
       "      <th>0</th>\n",
       "      <td>0.00632</td>\n",
       "      <td>18.0</td>\n",
       "      <td>2.31</td>\n",
       "      <td>0.0</td>\n",
       "      <td>0.538</td>\n",
       "      <td>6.575</td>\n",
       "      <td>65.2</td>\n",
       "      <td>4.0900</td>\n",
       "      <td>1.0</td>\n",
       "      <td>296.0</td>\n",
       "      <td>15.3</td>\n",
       "      <td>396.90</td>\n",
       "      <td>4.98</td>\n",
       "      <td>24.0</td>\n",
       "    </tr>\n",
       "    <tr>\n",
       "      <th>1</th>\n",
       "      <td>0.02731</td>\n",
       "      <td>0.0</td>\n",
       "      <td>7.07</td>\n",
       "      <td>0.0</td>\n",
       "      <td>0.469</td>\n",
       "      <td>6.421</td>\n",
       "      <td>78.9</td>\n",
       "      <td>4.9671</td>\n",
       "      <td>2.0</td>\n",
       "      <td>242.0</td>\n",
       "      <td>17.8</td>\n",
       "      <td>396.90</td>\n",
       "      <td>9.14</td>\n",
       "      <td>21.6</td>\n",
       "    </tr>\n",
       "    <tr>\n",
       "      <th>2</th>\n",
       "      <td>0.02729</td>\n",
       "      <td>0.0</td>\n",
       "      <td>7.07</td>\n",
       "      <td>0.0</td>\n",
       "      <td>0.469</td>\n",
       "      <td>7.185</td>\n",
       "      <td>61.1</td>\n",
       "      <td>4.9671</td>\n",
       "      <td>2.0</td>\n",
       "      <td>242.0</td>\n",
       "      <td>17.8</td>\n",
       "      <td>392.83</td>\n",
       "      <td>4.03</td>\n",
       "      <td>34.7</td>\n",
       "    </tr>\n",
       "    <tr>\n",
       "      <th>3</th>\n",
       "      <td>0.03237</td>\n",
       "      <td>0.0</td>\n",
       "      <td>2.18</td>\n",
       "      <td>0.0</td>\n",
       "      <td>0.458</td>\n",
       "      <td>6.998</td>\n",
       "      <td>45.8</td>\n",
       "      <td>6.0622</td>\n",
       "      <td>3.0</td>\n",
       "      <td>222.0</td>\n",
       "      <td>18.7</td>\n",
       "      <td>394.63</td>\n",
       "      <td>2.94</td>\n",
       "      <td>33.4</td>\n",
       "    </tr>\n",
       "    <tr>\n",
       "      <th>4</th>\n",
       "      <td>0.06905</td>\n",
       "      <td>0.0</td>\n",
       "      <td>2.18</td>\n",
       "      <td>0.0</td>\n",
       "      <td>0.458</td>\n",
       "      <td>7.147</td>\n",
       "      <td>54.2</td>\n",
       "      <td>6.0622</td>\n",
       "      <td>3.0</td>\n",
       "      <td>222.0</td>\n",
       "      <td>18.7</td>\n",
       "      <td>396.90</td>\n",
       "      <td>5.33</td>\n",
       "      <td>36.2</td>\n",
       "    </tr>\n",
       "  </tbody>\n",
       "</table>\n",
       "</div>"
      ],
      "text/plain": [
       "      CRIM    ZN  INDUS  CHAS    NOX     RM   AGE     DIS  RAD    TAX  \\\n",
       "0  0.00632  18.0   2.31   0.0  0.538  6.575  65.2  4.0900  1.0  296.0   \n",
       "1  0.02731   0.0   7.07   0.0  0.469  6.421  78.9  4.9671  2.0  242.0   \n",
       "2  0.02729   0.0   7.07   0.0  0.469  7.185  61.1  4.9671  2.0  242.0   \n",
       "3  0.03237   0.0   2.18   0.0  0.458  6.998  45.8  6.0622  3.0  222.0   \n",
       "4  0.06905   0.0   2.18   0.0  0.458  7.147  54.2  6.0622  3.0  222.0   \n",
       "\n",
       "   PTRATIO       B  LSTAT  PRICE  \n",
       "0     15.3  396.90   4.98   24.0  \n",
       "1     17.8  396.90   9.14   21.6  \n",
       "2     17.8  392.83   4.03   34.7  \n",
       "3     18.7  394.63   2.94   33.4  \n",
       "4     18.7  396.90   5.33   36.2  "
      ]
     },
     "execution_count": 79,
     "metadata": {},
     "output_type": "execute_result"
    }
   ],
   "source": [
    "from sklearn.datasets import load_boston\n",
    "\n",
    "boston = load_boston()\n",
    "df = pd.DataFrame(boston.data, columns = boston.feature_names)\n",
    "df['PRICE'] = boston.target\n",
    "df.head()"
   ]
  },
  {
   "cell_type": "code",
   "execution_count": 80,
   "id": "696e117f-b6d4-4bab-bf0b-b8b8cef9112f",
   "metadata": {},
   "outputs": [
    {
     "name": "stdout",
     "output_type": "stream",
     "text": [
      "<class 'pandas.core.frame.DataFrame'>\n",
      "RangeIndex: 506 entries, 0 to 505\n",
      "Data columns (total 14 columns):\n",
      " #   Column   Non-Null Count  Dtype  \n",
      "---  ------   --------------  -----  \n",
      " 0   CRIM     506 non-null    float64\n",
      " 1   ZN       506 non-null    float64\n",
      " 2   INDUS    506 non-null    float64\n",
      " 3   CHAS     506 non-null    float64\n",
      " 4   NOX      506 non-null    float64\n",
      " 5   RM       506 non-null    float64\n",
      " 6   AGE      506 non-null    float64\n",
      " 7   DIS      506 non-null    float64\n",
      " 8   RAD      506 non-null    float64\n",
      " 9   TAX      506 non-null    float64\n",
      " 10  PTRATIO  506 non-null    float64\n",
      " 11  B        506 non-null    float64\n",
      " 12  LSTAT    506 non-null    float64\n",
      " 13  PRICE    506 non-null    float64\n",
      "dtypes: float64(14)\n",
      "memory usage: 55.5 KB\n"
     ]
    }
   ],
   "source": [
    "df.info()"
   ]
  },
  {
   "cell_type": "code",
   "execution_count": 81,
   "id": "22247201-a0dd-445a-833b-4d78564728db",
   "metadata": {},
   "outputs": [
    {
     "data": {
      "text/plain": [
       "CRIM       0\n",
       "ZN         0\n",
       "INDUS      0\n",
       "CHAS       0\n",
       "NOX        0\n",
       "RM         0\n",
       "AGE        0\n",
       "DIS        0\n",
       "RAD        0\n",
       "TAX        0\n",
       "PTRATIO    0\n",
       "B          0\n",
       "LSTAT      0\n",
       "PRICE      0\n",
       "dtype: int64"
      ]
     },
     "execution_count": 81,
     "metadata": {},
     "output_type": "execute_result"
    }
   ],
   "source": [
    "df.isnull().sum()"
   ]
  },
  {
   "cell_type": "code",
   "execution_count": 82,
   "id": "d2536ee1-2a6d-4d72-bc1a-211b6ca77bc2",
   "metadata": {},
   "outputs": [
    {
     "data": {
      "text/html": [
       "<div>\n",
       "<style scoped>\n",
       "    .dataframe tbody tr th:only-of-type {\n",
       "        vertical-align: middle;\n",
       "    }\n",
       "\n",
       "    .dataframe tbody tr th {\n",
       "        vertical-align: top;\n",
       "    }\n",
       "\n",
       "    .dataframe thead th {\n",
       "        text-align: right;\n",
       "    }\n",
       "</style>\n",
       "<table border=\"1\" class=\"dataframe\">\n",
       "  <thead>\n",
       "    <tr style=\"text-align: right;\">\n",
       "      <th></th>\n",
       "      <th>CRIM</th>\n",
       "      <th>ZN</th>\n",
       "      <th>INDUS</th>\n",
       "      <th>CHAS</th>\n",
       "      <th>NOX</th>\n",
       "      <th>RM</th>\n",
       "      <th>AGE</th>\n",
       "      <th>DIS</th>\n",
       "      <th>RAD</th>\n",
       "      <th>TAX</th>\n",
       "      <th>PTRATIO</th>\n",
       "      <th>B</th>\n",
       "      <th>LSTAT</th>\n",
       "      <th>PRICE</th>\n",
       "    </tr>\n",
       "  </thead>\n",
       "  <tbody>\n",
       "    <tr>\n",
       "      <th>CRIM</th>\n",
       "      <td>1.000000</td>\n",
       "      <td>-0.200469</td>\n",
       "      <td>0.406583</td>\n",
       "      <td>-0.055892</td>\n",
       "      <td>0.420972</td>\n",
       "      <td>-0.219247</td>\n",
       "      <td>0.352734</td>\n",
       "      <td>-0.379670</td>\n",
       "      <td>0.625505</td>\n",
       "      <td>0.582764</td>\n",
       "      <td>0.289946</td>\n",
       "      <td>-0.385064</td>\n",
       "      <td>0.455621</td>\n",
       "      <td>-0.388305</td>\n",
       "    </tr>\n",
       "    <tr>\n",
       "      <th>ZN</th>\n",
       "      <td>-0.200469</td>\n",
       "      <td>1.000000</td>\n",
       "      <td>-0.533828</td>\n",
       "      <td>-0.042697</td>\n",
       "      <td>-0.516604</td>\n",
       "      <td>0.311991</td>\n",
       "      <td>-0.569537</td>\n",
       "      <td>0.664408</td>\n",
       "      <td>-0.311948</td>\n",
       "      <td>-0.314563</td>\n",
       "      <td>-0.391679</td>\n",
       "      <td>0.175520</td>\n",
       "      <td>-0.412995</td>\n",
       "      <td>0.360445</td>\n",
       "    </tr>\n",
       "    <tr>\n",
       "      <th>INDUS</th>\n",
       "      <td>0.406583</td>\n",
       "      <td>-0.533828</td>\n",
       "      <td>1.000000</td>\n",
       "      <td>0.062938</td>\n",
       "      <td>0.763651</td>\n",
       "      <td>-0.391676</td>\n",
       "      <td>0.644779</td>\n",
       "      <td>-0.708027</td>\n",
       "      <td>0.595129</td>\n",
       "      <td>0.720760</td>\n",
       "      <td>0.383248</td>\n",
       "      <td>-0.356977</td>\n",
       "      <td>0.603800</td>\n",
       "      <td>-0.483725</td>\n",
       "    </tr>\n",
       "    <tr>\n",
       "      <th>CHAS</th>\n",
       "      <td>-0.055892</td>\n",
       "      <td>-0.042697</td>\n",
       "      <td>0.062938</td>\n",
       "      <td>1.000000</td>\n",
       "      <td>0.091203</td>\n",
       "      <td>0.091251</td>\n",
       "      <td>0.086518</td>\n",
       "      <td>-0.099176</td>\n",
       "      <td>-0.007368</td>\n",
       "      <td>-0.035587</td>\n",
       "      <td>-0.121515</td>\n",
       "      <td>0.048788</td>\n",
       "      <td>-0.053929</td>\n",
       "      <td>0.175260</td>\n",
       "    </tr>\n",
       "    <tr>\n",
       "      <th>NOX</th>\n",
       "      <td>0.420972</td>\n",
       "      <td>-0.516604</td>\n",
       "      <td>0.763651</td>\n",
       "      <td>0.091203</td>\n",
       "      <td>1.000000</td>\n",
       "      <td>-0.302188</td>\n",
       "      <td>0.731470</td>\n",
       "      <td>-0.769230</td>\n",
       "      <td>0.611441</td>\n",
       "      <td>0.668023</td>\n",
       "      <td>0.188933</td>\n",
       "      <td>-0.380051</td>\n",
       "      <td>0.590879</td>\n",
       "      <td>-0.427321</td>\n",
       "    </tr>\n",
       "    <tr>\n",
       "      <th>RM</th>\n",
       "      <td>-0.219247</td>\n",
       "      <td>0.311991</td>\n",
       "      <td>-0.391676</td>\n",
       "      <td>0.091251</td>\n",
       "      <td>-0.302188</td>\n",
       "      <td>1.000000</td>\n",
       "      <td>-0.240265</td>\n",
       "      <td>0.205246</td>\n",
       "      <td>-0.209847</td>\n",
       "      <td>-0.292048</td>\n",
       "      <td>-0.355501</td>\n",
       "      <td>0.128069</td>\n",
       "      <td>-0.613808</td>\n",
       "      <td>0.695360</td>\n",
       "    </tr>\n",
       "    <tr>\n",
       "      <th>AGE</th>\n",
       "      <td>0.352734</td>\n",
       "      <td>-0.569537</td>\n",
       "      <td>0.644779</td>\n",
       "      <td>0.086518</td>\n",
       "      <td>0.731470</td>\n",
       "      <td>-0.240265</td>\n",
       "      <td>1.000000</td>\n",
       "      <td>-0.747881</td>\n",
       "      <td>0.456022</td>\n",
       "      <td>0.506456</td>\n",
       "      <td>0.261515</td>\n",
       "      <td>-0.273534</td>\n",
       "      <td>0.602339</td>\n",
       "      <td>-0.376955</td>\n",
       "    </tr>\n",
       "    <tr>\n",
       "      <th>DIS</th>\n",
       "      <td>-0.379670</td>\n",
       "      <td>0.664408</td>\n",
       "      <td>-0.708027</td>\n",
       "      <td>-0.099176</td>\n",
       "      <td>-0.769230</td>\n",
       "      <td>0.205246</td>\n",
       "      <td>-0.747881</td>\n",
       "      <td>1.000000</td>\n",
       "      <td>-0.494588</td>\n",
       "      <td>-0.534432</td>\n",
       "      <td>-0.232471</td>\n",
       "      <td>0.291512</td>\n",
       "      <td>-0.496996</td>\n",
       "      <td>0.249929</td>\n",
       "    </tr>\n",
       "    <tr>\n",
       "      <th>RAD</th>\n",
       "      <td>0.625505</td>\n",
       "      <td>-0.311948</td>\n",
       "      <td>0.595129</td>\n",
       "      <td>-0.007368</td>\n",
       "      <td>0.611441</td>\n",
       "      <td>-0.209847</td>\n",
       "      <td>0.456022</td>\n",
       "      <td>-0.494588</td>\n",
       "      <td>1.000000</td>\n",
       "      <td>0.910228</td>\n",
       "      <td>0.464741</td>\n",
       "      <td>-0.444413</td>\n",
       "      <td>0.488676</td>\n",
       "      <td>-0.381626</td>\n",
       "    </tr>\n",
       "    <tr>\n",
       "      <th>TAX</th>\n",
       "      <td>0.582764</td>\n",
       "      <td>-0.314563</td>\n",
       "      <td>0.720760</td>\n",
       "      <td>-0.035587</td>\n",
       "      <td>0.668023</td>\n",
       "      <td>-0.292048</td>\n",
       "      <td>0.506456</td>\n",
       "      <td>-0.534432</td>\n",
       "      <td>0.910228</td>\n",
       "      <td>1.000000</td>\n",
       "      <td>0.460853</td>\n",
       "      <td>-0.441808</td>\n",
       "      <td>0.543993</td>\n",
       "      <td>-0.468536</td>\n",
       "    </tr>\n",
       "    <tr>\n",
       "      <th>PTRATIO</th>\n",
       "      <td>0.289946</td>\n",
       "      <td>-0.391679</td>\n",
       "      <td>0.383248</td>\n",
       "      <td>-0.121515</td>\n",
       "      <td>0.188933</td>\n",
       "      <td>-0.355501</td>\n",
       "      <td>0.261515</td>\n",
       "      <td>-0.232471</td>\n",
       "      <td>0.464741</td>\n",
       "      <td>0.460853</td>\n",
       "      <td>1.000000</td>\n",
       "      <td>-0.177383</td>\n",
       "      <td>0.374044</td>\n",
       "      <td>-0.507787</td>\n",
       "    </tr>\n",
       "    <tr>\n",
       "      <th>B</th>\n",
       "      <td>-0.385064</td>\n",
       "      <td>0.175520</td>\n",
       "      <td>-0.356977</td>\n",
       "      <td>0.048788</td>\n",
       "      <td>-0.380051</td>\n",
       "      <td>0.128069</td>\n",
       "      <td>-0.273534</td>\n",
       "      <td>0.291512</td>\n",
       "      <td>-0.444413</td>\n",
       "      <td>-0.441808</td>\n",
       "      <td>-0.177383</td>\n",
       "      <td>1.000000</td>\n",
       "      <td>-0.366087</td>\n",
       "      <td>0.333461</td>\n",
       "    </tr>\n",
       "    <tr>\n",
       "      <th>LSTAT</th>\n",
       "      <td>0.455621</td>\n",
       "      <td>-0.412995</td>\n",
       "      <td>0.603800</td>\n",
       "      <td>-0.053929</td>\n",
       "      <td>0.590879</td>\n",
       "      <td>-0.613808</td>\n",
       "      <td>0.602339</td>\n",
       "      <td>-0.496996</td>\n",
       "      <td>0.488676</td>\n",
       "      <td>0.543993</td>\n",
       "      <td>0.374044</td>\n",
       "      <td>-0.366087</td>\n",
       "      <td>1.000000</td>\n",
       "      <td>-0.737663</td>\n",
       "    </tr>\n",
       "    <tr>\n",
       "      <th>PRICE</th>\n",
       "      <td>-0.388305</td>\n",
       "      <td>0.360445</td>\n",
       "      <td>-0.483725</td>\n",
       "      <td>0.175260</td>\n",
       "      <td>-0.427321</td>\n",
       "      <td>0.695360</td>\n",
       "      <td>-0.376955</td>\n",
       "      <td>0.249929</td>\n",
       "      <td>-0.381626</td>\n",
       "      <td>-0.468536</td>\n",
       "      <td>-0.507787</td>\n",
       "      <td>0.333461</td>\n",
       "      <td>-0.737663</td>\n",
       "      <td>1.000000</td>\n",
       "    </tr>\n",
       "  </tbody>\n",
       "</table>\n",
       "</div>"
      ],
      "text/plain": [
       "             CRIM        ZN     INDUS      CHAS       NOX        RM       AGE  \\\n",
       "CRIM     1.000000 -0.200469  0.406583 -0.055892  0.420972 -0.219247  0.352734   \n",
       "ZN      -0.200469  1.000000 -0.533828 -0.042697 -0.516604  0.311991 -0.569537   \n",
       "INDUS    0.406583 -0.533828  1.000000  0.062938  0.763651 -0.391676  0.644779   \n",
       "CHAS    -0.055892 -0.042697  0.062938  1.000000  0.091203  0.091251  0.086518   \n",
       "NOX      0.420972 -0.516604  0.763651  0.091203  1.000000 -0.302188  0.731470   \n",
       "RM      -0.219247  0.311991 -0.391676  0.091251 -0.302188  1.000000 -0.240265   \n",
       "AGE      0.352734 -0.569537  0.644779  0.086518  0.731470 -0.240265  1.000000   \n",
       "DIS     -0.379670  0.664408 -0.708027 -0.099176 -0.769230  0.205246 -0.747881   \n",
       "RAD      0.625505 -0.311948  0.595129 -0.007368  0.611441 -0.209847  0.456022   \n",
       "TAX      0.582764 -0.314563  0.720760 -0.035587  0.668023 -0.292048  0.506456   \n",
       "PTRATIO  0.289946 -0.391679  0.383248 -0.121515  0.188933 -0.355501  0.261515   \n",
       "B       -0.385064  0.175520 -0.356977  0.048788 -0.380051  0.128069 -0.273534   \n",
       "LSTAT    0.455621 -0.412995  0.603800 -0.053929  0.590879 -0.613808  0.602339   \n",
       "PRICE   -0.388305  0.360445 -0.483725  0.175260 -0.427321  0.695360 -0.376955   \n",
       "\n",
       "              DIS       RAD       TAX   PTRATIO         B     LSTAT     PRICE  \n",
       "CRIM    -0.379670  0.625505  0.582764  0.289946 -0.385064  0.455621 -0.388305  \n",
       "ZN       0.664408 -0.311948 -0.314563 -0.391679  0.175520 -0.412995  0.360445  \n",
       "INDUS   -0.708027  0.595129  0.720760  0.383248 -0.356977  0.603800 -0.483725  \n",
       "CHAS    -0.099176 -0.007368 -0.035587 -0.121515  0.048788 -0.053929  0.175260  \n",
       "NOX     -0.769230  0.611441  0.668023  0.188933 -0.380051  0.590879 -0.427321  \n",
       "RM       0.205246 -0.209847 -0.292048 -0.355501  0.128069 -0.613808  0.695360  \n",
       "AGE     -0.747881  0.456022  0.506456  0.261515 -0.273534  0.602339 -0.376955  \n",
       "DIS      1.000000 -0.494588 -0.534432 -0.232471  0.291512 -0.496996  0.249929  \n",
       "RAD     -0.494588  1.000000  0.910228  0.464741 -0.444413  0.488676 -0.381626  \n",
       "TAX     -0.534432  0.910228  1.000000  0.460853 -0.441808  0.543993 -0.468536  \n",
       "PTRATIO -0.232471  0.464741  0.460853  1.000000 -0.177383  0.374044 -0.507787  \n",
       "B        0.291512 -0.444413 -0.441808 -0.177383  1.000000 -0.366087  0.333461  \n",
       "LSTAT   -0.496996  0.488676  0.543993  0.374044 -0.366087  1.000000 -0.737663  \n",
       "PRICE    0.249929 -0.381626 -0.468536 -0.507787  0.333461 -0.737663  1.000000  "
      ]
     },
     "execution_count": 82,
     "metadata": {},
     "output_type": "execute_result"
    }
   ],
   "source": [
    "df.corr()"
   ]
  },
  {
   "cell_type": "code",
   "execution_count": 83,
   "id": "1d1c74b3-c63e-4ccf-90b7-bae71498f30c",
   "metadata": {},
   "outputs": [
    {
     "data": {
      "text/plain": [
       "CHAS       0.175260\n",
       "DIS        0.249929\n",
       "B          0.333461\n",
       "ZN         0.360445\n",
       "AGE        0.376955\n",
       "RAD        0.381626\n",
       "CRIM       0.388305\n",
       "NOX        0.427321\n",
       "TAX        0.468536\n",
       "INDUS      0.483725\n",
       "PTRATIO    0.507787\n",
       "RM         0.695360\n",
       "LSTAT      0.737663\n",
       "PRICE      1.000000\n",
       "Name: PRICE, dtype: float64"
      ]
     },
     "execution_count": 83,
     "metadata": {},
     "output_type": "execute_result"
    }
   ],
   "source": [
    "df.corr().loc[:,'PRICE'].abs().sort_values()"
   ]
  },
  {
   "cell_type": "code",
   "execution_count": 84,
   "id": "73d4a85a-4db6-471e-a7cf-5461cdfe1810",
   "metadata": {},
   "outputs": [
    {
     "data": {
      "text/html": [
       "<div>\n",
       "<style scoped>\n",
       "    .dataframe tbody tr th:only-of-type {\n",
       "        vertical-align: middle;\n",
       "    }\n",
       "\n",
       "    .dataframe tbody tr th {\n",
       "        vertical-align: top;\n",
       "    }\n",
       "\n",
       "    .dataframe thead th {\n",
       "        text-align: right;\n",
       "    }\n",
       "</style>\n",
       "<table border=\"1\" class=\"dataframe\">\n",
       "  <thead>\n",
       "    <tr style=\"text-align: right;\">\n",
       "      <th></th>\n",
       "      <th>CRIM</th>\n",
       "      <th>ZN</th>\n",
       "      <th>INDUS</th>\n",
       "      <th>CHAS</th>\n",
       "      <th>NOX</th>\n",
       "      <th>RM</th>\n",
       "      <th>AGE</th>\n",
       "      <th>DIS</th>\n",
       "      <th>RAD</th>\n",
       "      <th>TAX</th>\n",
       "      <th>PTRATIO</th>\n",
       "      <th>B</th>\n",
       "      <th>LSTAT</th>\n",
       "      <th>PRICE</th>\n",
       "    </tr>\n",
       "  </thead>\n",
       "  <tbody>\n",
       "    <tr>\n",
       "      <th>0</th>\n",
       "      <td>-0.469369</td>\n",
       "      <td>-0.475498</td>\n",
       "      <td>-1.812878</td>\n",
       "      <td>-1.346909</td>\n",
       "      <td>-6.037437</td>\n",
       "      <td>-8.364118</td>\n",
       "      <td>-2.442830</td>\n",
       "      <td>-1.737393</td>\n",
       "      <td>-1.210791</td>\n",
       "      <td>-2.428595</td>\n",
       "      <td>-9.207734</td>\n",
       "      <td>-3.905866</td>\n",
       "      <td>-1.924393</td>\n",
       "      <td>24.0</td>\n",
       "    </tr>\n",
       "    <tr>\n",
       "      <th>1</th>\n",
       "      <td>-0.469085</td>\n",
       "      <td>-0.508655</td>\n",
       "      <td>-1.711540</td>\n",
       "      <td>-1.346909</td>\n",
       "      <td>-11.186268</td>\n",
       "      <td>-8.676684</td>\n",
       "      <td>-2.425506</td>\n",
       "      <td>-1.539190</td>\n",
       "      <td>-1.197575</td>\n",
       "      <td>-2.430500</td>\n",
       "      <td>-8.673286</td>\n",
       "      <td>-3.905866</td>\n",
       "      <td>-1.842655</td>\n",
       "      <td>21.6</td>\n",
       "    </tr>\n",
       "    <tr>\n",
       "      <th>2</th>\n",
       "      <td>-0.469085</td>\n",
       "      <td>-0.508655</td>\n",
       "      <td>-1.711540</td>\n",
       "      <td>-1.346909</td>\n",
       "      <td>-11.186268</td>\n",
       "      <td>-7.126030</td>\n",
       "      <td>-2.448015</td>\n",
       "      <td>-1.539190</td>\n",
       "      <td>-1.197575</td>\n",
       "      <td>-2.430500</td>\n",
       "      <td>-8.673286</td>\n",
       "      <td>-3.906355</td>\n",
       "      <td>-1.943060</td>\n",
       "      <td>34.7</td>\n",
       "    </tr>\n",
       "    <tr>\n",
       "      <th>3</th>\n",
       "      <td>-0.469016</td>\n",
       "      <td>-0.508655</td>\n",
       "      <td>-1.815646</td>\n",
       "      <td>-1.346909</td>\n",
       "      <td>-12.007096</td>\n",
       "      <td>-7.505575</td>\n",
       "      <td>-2.467363</td>\n",
       "      <td>-1.291723</td>\n",
       "      <td>-1.184359</td>\n",
       "      <td>-2.431205</td>\n",
       "      <td>-8.480885</td>\n",
       "      <td>-3.906139</td>\n",
       "      <td>-1.964477</td>\n",
       "      <td>33.4</td>\n",
       "    </tr>\n",
       "    <tr>\n",
       "      <th>4</th>\n",
       "      <td>-0.468519</td>\n",
       "      <td>-0.508655</td>\n",
       "      <td>-1.815646</td>\n",
       "      <td>-1.346909</td>\n",
       "      <td>-12.007096</td>\n",
       "      <td>-7.203157</td>\n",
       "      <td>-2.456741</td>\n",
       "      <td>-1.291723</td>\n",
       "      <td>-1.184359</td>\n",
       "      <td>-2.431205</td>\n",
       "      <td>-8.480885</td>\n",
       "      <td>-3.905866</td>\n",
       "      <td>-1.917516</td>\n",
       "      <td>36.2</td>\n",
       "    </tr>\n",
       "    <tr>\n",
       "      <th>...</th>\n",
       "      <td>...</td>\n",
       "      <td>...</td>\n",
       "      <td>...</td>\n",
       "      <td>...</td>\n",
       "      <td>...</td>\n",
       "      <td>...</td>\n",
       "      <td>...</td>\n",
       "      <td>...</td>\n",
       "      <td>...</td>\n",
       "      <td>...</td>\n",
       "      <td>...</td>\n",
       "      <td>...</td>\n",
       "      <td>...</td>\n",
       "      <td>...</td>\n",
       "    </tr>\n",
       "    <tr>\n",
       "      <th>501</th>\n",
       "      <td>-0.468606</td>\n",
       "      <td>-0.508655</td>\n",
       "      <td>-1.608073</td>\n",
       "      <td>-1.346909</td>\n",
       "      <td>-3.425711</td>\n",
       "      <td>-8.327584</td>\n",
       "      <td>-2.437899</td>\n",
       "      <td>-2.101530</td>\n",
       "      <td>-1.210791</td>\n",
       "      <td>-2.429406</td>\n",
       "      <td>-7.989193</td>\n",
       "      <td>-3.906456</td>\n",
       "      <td>-1.832241</td>\n",
       "      <td>22.4</td>\n",
       "    </tr>\n",
       "    <tr>\n",
       "      <th>502</th>\n",
       "      <td>-0.468841</td>\n",
       "      <td>-0.508655</td>\n",
       "      <td>-1.608073</td>\n",
       "      <td>-1.346909</td>\n",
       "      <td>-3.425711</td>\n",
       "      <td>-9.287609</td>\n",
       "      <td>-2.428288</td>\n",
       "      <td>-2.144714</td>\n",
       "      <td>-1.210791</td>\n",
       "      <td>-2.429406</td>\n",
       "      <td>-7.989193</td>\n",
       "      <td>-3.905866</td>\n",
       "      <td>-1.843834</td>\n",
       "      <td>20.6</td>\n",
       "    </tr>\n",
       "    <tr>\n",
       "      <th>503</th>\n",
       "      <td>-0.468632</td>\n",
       "      <td>-0.508655</td>\n",
       "      <td>-1.608073</td>\n",
       "      <td>-1.346909</td>\n",
       "      <td>-3.425711</td>\n",
       "      <td>-7.550227</td>\n",
       "      <td>-2.410205</td>\n",
       "      <td>-2.171831</td>\n",
       "      <td>-1.210791</td>\n",
       "      <td>-2.429406</td>\n",
       "      <td>-7.989193</td>\n",
       "      <td>-3.905866</td>\n",
       "      <td>-1.911425</td>\n",
       "      <td>23.9</td>\n",
       "    </tr>\n",
       "    <tr>\n",
       "      <th>504</th>\n",
       "      <td>-0.467970</td>\n",
       "      <td>-0.508655</td>\n",
       "      <td>-1.608073</td>\n",
       "      <td>-1.346909</td>\n",
       "      <td>-3.425711</td>\n",
       "      <td>-7.919624</td>\n",
       "      <td>-2.412355</td>\n",
       "      <td>-2.121800</td>\n",
       "      <td>-1.210791</td>\n",
       "      <td>-2.429406</td>\n",
       "      <td>-7.989193</td>\n",
       "      <td>-3.906281</td>\n",
       "      <td>-1.894920</td>\n",
       "      <td>22.0</td>\n",
       "    </tr>\n",
       "    <tr>\n",
       "      <th>505</th>\n",
       "      <td>-0.468812</td>\n",
       "      <td>-0.508655</td>\n",
       "      <td>-1.608073</td>\n",
       "      <td>-1.346909</td>\n",
       "      <td>-3.425711</td>\n",
       "      <td>-9.470278</td>\n",
       "      <td>-2.423103</td>\n",
       "      <td>-2.095565</td>\n",
       "      <td>-1.210791</td>\n",
       "      <td>-2.429406</td>\n",
       "      <td>-7.989193</td>\n",
       "      <td>-3.905866</td>\n",
       "      <td>-1.867412</td>\n",
       "      <td>11.9</td>\n",
       "    </tr>\n",
       "  </tbody>\n",
       "</table>\n",
       "<p>506 rows × 14 columns</p>\n",
       "</div>"
      ],
      "text/plain": [
       "         CRIM        ZN     INDUS      CHAS        NOX        RM       AGE  \\\n",
       "0   -0.469369 -0.475498 -1.812878 -1.346909  -6.037437 -8.364118 -2.442830   \n",
       "1   -0.469085 -0.508655 -1.711540 -1.346909 -11.186268 -8.676684 -2.425506   \n",
       "2   -0.469085 -0.508655 -1.711540 -1.346909 -11.186268 -7.126030 -2.448015   \n",
       "3   -0.469016 -0.508655 -1.815646 -1.346909 -12.007096 -7.505575 -2.467363   \n",
       "4   -0.468519 -0.508655 -1.815646 -1.346909 -12.007096 -7.203157 -2.456741   \n",
       "..        ...       ...       ...       ...        ...       ...       ...   \n",
       "501 -0.468606 -0.508655 -1.608073 -1.346909  -3.425711 -8.327584 -2.437899   \n",
       "502 -0.468841 -0.508655 -1.608073 -1.346909  -3.425711 -9.287609 -2.428288   \n",
       "503 -0.468632 -0.508655 -1.608073 -1.346909  -3.425711 -7.550227 -2.410205   \n",
       "504 -0.467970 -0.508655 -1.608073 -1.346909  -3.425711 -7.919624 -2.412355   \n",
       "505 -0.468812 -0.508655 -1.608073 -1.346909  -3.425711 -9.470278 -2.423103   \n",
       "\n",
       "          DIS       RAD       TAX   PTRATIO         B     LSTAT  PRICE  \n",
       "0   -1.737393 -1.210791 -2.428595 -9.207734 -3.905866 -1.924393   24.0  \n",
       "1   -1.539190 -1.197575 -2.430500 -8.673286 -3.905866 -1.842655   21.6  \n",
       "2   -1.539190 -1.197575 -2.430500 -8.673286 -3.906355 -1.943060   34.7  \n",
       "3   -1.291723 -1.184359 -2.431205 -8.480885 -3.906139 -1.964477   33.4  \n",
       "4   -1.291723 -1.184359 -2.431205 -8.480885 -3.905866 -1.917516   36.2  \n",
       "..        ...       ...       ...       ...       ...       ...    ...  \n",
       "501 -2.101530 -1.210791 -2.429406 -7.989193 -3.906456 -1.832241   22.4  \n",
       "502 -2.144714 -1.210791 -2.429406 -7.989193 -3.905866 -1.843834   20.6  \n",
       "503 -2.171831 -1.210791 -2.429406 -7.989193 -3.905866 -1.911425   23.9  \n",
       "504 -2.121800 -1.210791 -2.429406 -7.989193 -3.906281 -1.894920   22.0  \n",
       "505 -2.095565 -1.210791 -2.429406 -7.989193 -3.905866 -1.867412   11.9  \n",
       "\n",
       "[506 rows x 14 columns]"
      ]
     },
     "execution_count": 84,
     "metadata": {},
     "output_type": "execute_result"
    }
   ],
   "source": [
    "scaler=StandardScaler()\n",
    "\n",
    "dfs=df.iloc[:, :-1]  \n",
    "scaler.fit(dfs)\n",
    "dfs=scaler.transform(df_scaled)\n",
    "\n",
    "#스케일링 변환된 값을 데이터프레임에 반영\n",
    "df.iloc[:, :-1]=dfs[:, :]\n",
    "df"
   ]
  },
  {
   "cell_type": "code",
   "execution_count": 111,
   "id": "ca230a66-8bf3-43ff-ae01-d4b266110795",
   "metadata": {},
   "outputs": [
    {
     "name": "stdout",
     "output_type": "stream",
     "text": [
      " 기울기: [-9.5200e+00  2.5110e+01 -2.5500e+00  2.5000e-01 -1.7000e-01  1.8400e+00\n",
      "  5.8300e+00 -5.2900e+00  2.1200e+01 -2.1981e+02 -3.8700e+00  1.0425e+02\n",
      " -2.8330e+01]\n",
      " 절편: -138.1\n",
      "mse: 22.4319, rmse: 4.74, r_square: 0.7148\n"
     ]
    }
   ],
   "source": [
    "X=df.drop(\"PRICE\",axis=1)\n",
    "y=df['PRICE']\n",
    "\n",
    "\n",
    "X_train, X_test, y_train, y_test=train_test_split(X, y, test_size=0.3,random_state=3)\n",
    "lr = LinearRegression()\n",
    "lr.fit(X_train, y_train)\n",
    "y_preds = lr.predict(X_test)\n",
    "\n",
    "\n",
    "print(f' 기울기: {lr.coef_.round(2)}')\n",
    "print(f' 절편: {lr.intercept_.round(2)}')\n",
    "\n",
    "mse = round(mean_squared_error(y_test,y_preds),4)\n",
    "rmse = round(np.sqrt(mse),2)\n",
    "r_square = round(r2_score(y_test,y_preds),4)\n",
    "print(f'mse: {mse}, rmse: {rmse}, r_square: {r_square}')\n",
    "\n"
   ]
  },
  {
   "cell_type": "code",
   "execution_count": null,
   "id": "9e8e054a-7430-4992-b7f6-4e8e9fde8823",
   "metadata": {},
   "outputs": [],
   "source": []
  },
  {
   "cell_type": "code",
   "execution_count": 89,
   "id": "ba21d180-b87e-416a-8069-b7d7157ab744",
   "metadata": {},
   "outputs": [
    {
     "data": {
